224234    0 12.0156 10.4944 12.0156 10.4986  2656.0  1.560  8.01
  7001    0 12.0194 14.1083 12.0196 14.1039  1509.0 12.180  8.90
  7003    0 12.0228 14.4497 12.0226 14.4497  1287.0  4.710  8.49
  7002    0 12.0233 13.4042 12.0233 13.4003   930.0  5.030  8.52
211006    0 12.0242 14.0417 12.0243 14.0344  1479.0  5.640  8.57
224978    0 12.0281  8.7022 12.0292  8.6831  2192.0  0.730  7.68
211013    0 12.0289  5.8175 12.0289  5.8214  1350.0  3.140  8.31
225078    0 12.0500  6.5083 12.0508  6.5014  1318.0  1.050  7.84
224235    0 12.0539 10.1019 12.0542 10.1078  2547.0  0.780  7.71
225882    0 12.0572 13.4656 12.0573 13.4594  1304.0  1.080  7.85
222046    0 12.0597 16.0544 12.0600 16.0556   931.0  1.720  8.05
  7038    0 12.0639 14.5531 12.0641 14.5508   891.0  4.210  8.44
224236    0 12.0678  4.8114 12.0679  4.8131  2227.0  2.100  8.14
  7048    0 12.0697 10.8506 12.0699 10.8542  2415.0  4.860  8.50
224237    0 12.0794 10.6261 12.0797 10.6264  2572.0  0.740  7.69
220074    0 12.0922 14.4978 12.0924 14.4900  1512.0  0.340  7.35
226030    0 12.1392 12.5072 12.1391 12.5011  2320.0  0.330  7.34
220133    4 12.1419 15.0972 12.1420 15.0967   587.0  1.260  7.92
225880    0 12.1458 11.9214  0.0000  0.0000  1230.0  0.820  7.73
220150   10 12.1567 13.5794 12.1569 13.5744  1980.0  2.280  8.18
  7149   15 12.1653 13.0528 12.1651 13.0494  2535.0  1.120  7.87
  7150   17 12.1669 14.3675 12.1672 14.3661   817.0  3.330  8.34
224602    0 12.1672 11.7117 12.1676 11.7136  2557.0  0.420  7.44
220168   22 12.1733 13.1669 12.1734 13.1706  1699.0  0.680  7.65
220167   21 12.1736 10.1925 12.1731 10.1883   485.0  0.860  7.75
220171   24 12.1761 11.7594 12.1766 11.7606  1296.0  3.910  8.41
  7169   25 12.1769 16.0331 12.1771 16.0325  2169.0 26.250  9.24
224696    0 12.1772 13.0228 12.1772 13.0219  2394.0  0.560  7.57
220172   26 12.1783 14.6494 12.1780 14.6461  2466.0  1.180  7.89
220176   31 12.1825  9.2167 12.1825  9.2192  2240.0  1.530  8.00
  7181   34 12.1858 13.5897 12.1861 13.5875   265.0  4.570  8.48
224231    0 12.1997  5.9147 12.1999  5.9172   752.0  0.390  7.41
224241    0 12.2003 10.4022 12.2003 10.3983  1637.0  0.870  7.76
  7201    0 12.2028 13.2481 12.2032 13.2461  1875.0  1.080  7.85
  7200   48 12.2044 12.4892 12.2042 12.4881    -8.0  7.350  8.68
220195   52 12.2058  6.9819 12.2063  6.9794  2081.0  0.210  7.14
  7209   58 12.2092 12.1222 12.2090 12.1231  2209.0 14.810  8.99
224507    0 12.2117 12.7483 12.2119 12.7628  1740.0  0.550  7.56
  7215   66 12.2125 10.8633 12.2129 10.8658   374.0 62.200  9.61
  7216   67 12.2136 13.9778 12.2134 13.9758  -184.0  9.340  8.79
222671    0 12.2164  7.3008 12.2166  7.2989  2162.0  0.670  7.64
  7219   73 12.2172  7.0392 12.2174  7.0383  2081.0  3.160  8.32
224807    0 12.2194 13.5756 12.2193 13.5844  2100.0  0.690  7.66
  7223   81 12.2233 14.7694 12.2240 14.7717  2073.0  6.840  8.65
  7227   83 12.2258 14.4811 12.2259 14.4819  2440.0  1.970  8.11
220212   87 12.2281 15.4503 12.2281 15.4536  -131.0  4.740  8.49
225998    0 12.2281 12.8978  0.0000  0.0000  2235.0  1.300  7.93
  7235   89 12.2297 13.4278 12.2298 13.4244  2114.0 12.230  8.91
223286   93 12.2300 12.6878 12.2300 12.6906   841.0  0.550  7.56
  7231   92 12.2303 14.8894 12.2301 14.8992  -138.0 74.140  9.69
223219    0 12.2303  5.3503 12.2307  5.3536  1690.0  0.990  7.81
  7233   94 12.2308  7.1989 12.2306  7.2008  2659.0  7.470  8.69
  7234   97 12.2314 13.1694 12.2316 13.1725  2470.0  8.400  8.74
220217   99 12.2336  6.7250 12.2339  6.7231  2433.0  1.020  7.83
  7239  105 12.2358  7.7750 12.2358  7.7769  1221.0  6.700  8.64
224487    0 12.2364 12.7892 12.2367 12.7828   613.0  0.680  7.65
224244    0 12.2369  8.9061 12.2371  8.9083  1933.0  2.070  8.13
224245    0 12.2406  5.9169 12.2412  5.9086  1921.0  0.960  7.80
224094  113 12.2422 12.0972 12.2424 12.1031  2115.0  2.780  8.26
220231  117 12.2431  9.2000 12.2433  9.1997  1787.0  4.500  8.47
220230  114 12.2431  5.6794 12.2431  5.6772  2067.0  2.060  8.13
  7249  119 12.2436 12.8142 12.2438 12.8128   621.0  6.570  8.64
  7247  120 12.2442  5.8075 12.2441  5.8058  2062.0 25.710  9.23
224705    0 12.2447 12.7786 12.2457 12.7897  2279.0  0.390  7.41
  7254  126 12.2483 13.4669 12.2486 13.4603   259.0  4.210  8.44
224248    0 12.2486  9.6675 12.2482  9.6697  1693.0  0.340  7.35
220241  130 12.2503  9.7639 12.2511  9.7536  2197.0  0.930  7.79
220242  132 12.2508 13.0311 12.2511 13.0319  2085.0  2.930  8.28
  7255  131 12.2511 14.0297 12.2513 14.0283  2316.0 10.490  8.84
  7262  143 12.2536 13.4731 12.2545 13.4739   376.0  1.470  7.98
  7260  145 12.2544 13.0153 12.2547 13.0236   704.0 40.520  9.43
220250  144 12.2550  5.7647 12.2551  5.7608  2016.0  2.410  8.20
224249    0 12.2578 10.5206 12.2576 10.5122  1990.0  0.830  7.74
  7268  152 12.2586  9.5792 12.2585  9.5847   596.0  6.570  8.64
  7275  157 12.2603 13.9017 12.2609 13.9011   -88.0 13.920  8.96
220255  159 12.2606  8.2814 12.2608  8.2842  2581.0  2.070  8.13
  7279  162 12.2631 10.6936 12.2629 10.6969  1979.0 17.860  9.07
227869    0 12.2639 13.0553  0.0000  0.0000   136.0  0.510  7.53
  7285  170 12.2647 14.4164 12.2656 14.4325  1406.0  0.460  7.48
220257  168 12.2647 14.0242 12.2649 14.0250   683.0  0.490  7.51
  7284  167 12.2647 13.1453 12.2651 13.1497   139.0 31.560  9.32
220258  169 12.2650  9.6461 12.2656  9.6486  2219.0  5.410  8.55
220264  172 12.2669  4.6631 12.2668  4.6508  2176.0  3.750  8.39
222297    0 12.2697  7.9181 12.2703  7.9292  2239.0  0.270  7.25
220261  171 12.2700  8.3664 12.2699  8.3733   862.0  0.350  7.36
  7291  187 12.2728 13.3064 12.2730 13.3075   229.0 18.680  9.09
223355  190 12.2739  7.7942 12.2732  7.7989  2352.0  0.570  7.57
224250    0 12.2742  6.0500 12.2742  6.0519  2029.0  1.940  8.11
  7292  199 12.2758  7.4583 12.2761  7.4622  2606.0  3.250  8.33
224251    0 12.2761 10.2097 12.2761 10.2061  2072.0  0.910  7.78
223361  203 12.2775  8.8311 12.2777  8.8344  1979.0  0.870  7.76
224385    0 12.2792 13.5025 12.2805 13.5039   -86.0  0.450  7.47
222200  207 12.2800  8.0564 12.2799  8.0489  2571.0  0.540  7.55
220282  209 12.2808 14.5092 12.2812 14.5153  1263.0  0.570  7.57
  7305  213 12.2825 13.6231 12.2822 13.6250  -165.0  1.040  7.83
  7307  217 12.2842 10.0086 12.2846 10.0050  1183.0  6.180  8.61
  7313    0 12.2858 12.4531 12.2859 12.4533  2131.0  5.560  8.56
220289  223 12.2858  6.4325 12.2863  6.4317  2053.0  0.260  7.23
  7315  226 12.2864 15.3244 12.2865 15.3236   865.0  3.440  8.35
  7319  234 12.2903  6.6925 12.2905  6.6897  2239.0  1.240  7.91
224489    0 12.2908 12.9303 12.2911 12.9322  2056.0  0.620  7.61
221988    0 12.2908  7.3294 12.2911  7.3267  2202.0  1.680  8.04
223374  237 12.2914 14.8903 12.2915 14.8861  -323.0  0.430  7.45
  7326  241 12.2925 12.3856 12.2926 12.3861  -167.0  8.130  8.73
226054    0 12.2925 14.3964  0.0000  0.0000  2111.0  0.600  7.60
226055    0 12.2969 15.0811  0.0000  0.0000  2200.0  0.540  7.55
220304  260 12.2981  5.0283 12.2980  5.0278  1774.0  0.780  7.71
226056    0 12.2986 14.7458  0.0000  0.0000  1990.0  2.300  8.18
226127    0 12.2997  8.1639 12.3001  8.1653  2000.0  0.870  7.76
  7333  267 12.2997  6.6547 12.2999  6.6539   732.0  9.870  8.81
224316    0 12.3014 14.7544 12.3012 14.7531  1763.0  0.480  7.50
223390  274 12.3019  5.9269 12.3021  5.9297  1843.0  0.240  7.20
224258    0 12.3031  4.6369 12.3032  4.6444  2073.0  0.390  7.41
220321  281 12.3039 13.7461 12.3043 13.7489   248.0  0.480  7.50
225058    0 12.3050  7.1353 12.3050  7.1281  2701.0  0.540  7.55
224259    0 12.3050  4.3983 12.3050  4.4019  1985.0  0.490  7.51
  7343  289 12.3086  5.5606 12.3086  5.5594   864.0  4.660  8.49
220328    0 12.3106  6.7097 12.3107  6.7081  1995.0  1.280  7.92
223407  304 12.3117 12.3825 12.3122 12.3856   132.0  0.510  7.53
227978    0 12.3131  4.8033  0.0000  0.0000  1822.0  0.800  7.72
  7345  307 12.3136 14.4244 12.3138 14.4164  2404.0 77.050  9.70
220336  309 12.3139 12.6033 12.3142 12.5972  1566.0  0.610  7.60
  7352  318 12.3175  8.8514 12.3176  8.8553  2468.0 11.280  8.87
220344  320 12.3178  4.6642 12.3181  4.6600  2349.0  1.770  8.07
  7355  322 12.3181 13.9814 12.3181 13.9803  -206.0  2.770  8.26
225059    0 12.3189  7.6456 12.3188  7.6342  2676.0  0.530  7.54
  7354  324 12.3189  3.8536 12.3194  3.8553  1525.0  2.510  8.22
220351  328 12.3197 12.8872 12.3197 12.8836  2188.0  1.460  7.98
220352  329 12.3203  5.9917 12.3205  5.9858  1605.0  0.850  7.75
220354    0 12.3206  6.2947 12.3210  6.2936   669.0  0.590  7.59
220353  334 12.3211 13.8814 12.3206 13.8822  -253.0  1.290  7.93
227899    0 12.3211  6.2558  0.0000  0.0000  1983.0  0.840  7.74
227894    0 12.3217  6.4028 12.3223  6.4089  1969.0  1.600  8.02
226061    0 12.3222 12.9528  0.0000  0.0000  2164.0  0.770  7.70
220360  340 12.3222  5.9189 12.3228  5.9106  1510.0  3.240  8.33
220358  343 12.3225  7.8731 12.3227  7.8706  2480.0  1.330  7.94
220366  350 12.3236 13.3122 12.3239 13.3100   303.0  1.370  7.95
  7365  355 12.3247 14.8706 12.3252 14.8772  1367.0  8.650  8.75
227979    0 12.3250  6.0125  0.0000  0.0000  1622.0  0.600  7.60
227980    0 12.3283  5.5875  0.0000  0.0000  2381.0  0.580  7.58
222118  379 12.3308  5.9967 12.3310  5.9958  1452.0  0.780  7.71
220383  381 12.3311  6.6667 12.3315  6.6656   480.0  2.800  8.26
  7376  375 12.3314  5.4767 12.3304  5.4636  2377.0  2.070  8.13
  7380  382 12.3319  5.3397 12.3323  5.3439  2379.0 17.220  9.05
223262  390 12.3325  5.4336 12.3344  5.4144  2474.0  0.880  7.76
  7385  393 12.3356  7.6917 12.3354  7.6914  2613.0  5.040  8.52
  7387  404 12.3381  4.2067 12.3382  4.2011  1732.0  4.050  8.43
220398  410 12.3394 12.1906 12.3394 12.1878   236.0  0.810  7.73
222215  413 12.3400 13.8933 12.3398 13.8975   296.0  0.370  7.39
220399  415 12.3408  6.9083 12.3404  6.9089  2557.0  1.690  8.05
223445  421 12.3431 13.5231 12.3419 13.5192  2098.0  0.540  7.55
223449  429 12.3436 14.6022 12.3455 14.6308   587.0  0.310  7.31
220409  428 12.3442 13.8864 12.3445 13.8889   794.0  0.680  7.65
227954    0 12.3444  5.1025 12.3445  5.1050  1691.0  0.710  7.67
224272    0 12.3447  5.9083 12.3441  5.9089   978.0  0.480  7.50
220412    0 12.3467  5.6444 12.3468  5.6400  2139.0  1.100  7.86
224273    0 12.3469  5.9833 12.3469  5.9817  1772.0  0.320  7.32
220418  446 12.3489  6.3339 12.3493  6.3397   817.0  0.490  7.51
220419  448 12.3500 12.7253 12.3500 12.7258   672.0  0.980  7.81
220422    0 12.3519 11.6006 12.3517 11.5956   927.0  0.720  7.67
  7403  449 12.3519  3.8150 12.3506  3.7222  2697.0  1.260  7.92
226131    0 12.3533 10.6219 12.3537 10.6258  2606.0  0.510  7.53
  7407  465 12.3547 11.5125 12.3550 11.5100   355.0 29.790  9.29
220432  468 12.3553  4.0744 12.3551  4.0756  1977.0  0.800  7.72
220435  477 12.3575 15.0242 12.3576 15.0214  1861.0  0.590  7.59
  7414  491 12.3606 11.4928 12.3613 11.5006   232.0 19.080  9.10
  7418  497 12.3611 14.6036 12.3617 14.5978  1146.0 32.630  9.33
  7420  508 12.3650  4.4772 12.3653  4.4747  1566.0 84.710  9.75
  7421  512 12.3653 11.9642 12.3655 11.9672   152.0  4.050  8.43
  7423  509 12.3656  6.4519 12.3654  6.4511  1258.0  3.930  8.41
  7424  514 12.3656  8.6711 12.3659  8.6744   851.0  0.940  7.79
  7422    0 12.3669  5.1100 12.3670  5.1000  1883.0  0.800  7.72
  7431  524 12.3681  9.0494 12.3682  9.0431  1066.0  1.320  7.94
220450  530 12.3694 15.7969 12.3688 15.7989  1298.0  0.630  7.62
  7439  552 12.3742  4.5650 12.3742  4.5661  1278.0 21.350  9.15
  7442  559 12.3750 15.5353 12.3754 15.5381   148.0  1.930  8.10
227956    0 12.3758  4.6744 12.3755  4.6697  2214.0  0.890  7.77
220457  566 12.3772  8.2944 12.3772  8.2961  1410.0  3.840  8.40
220456  562 12.3772 12.1722 12.3766 12.1575     9.0  0.820  7.73
220460  565 12.3772  6.0236 12.3773  6.0147   871.0  0.600  7.60
  7445  570 12.3772 11.8044 12.3774 11.8006  1442.0  1.660  8.04
  7441  567 12.3775  6.6783 12.3775  6.6764  2363.0  5.850  8.58
220461    0 12.3778  6.2333 12.3777  6.2261  2836.0  1.130  7.87
  7447  576 12.3783  9.3331 12.3784  9.3322  1250.0  9.550  8.80
  7448  593 12.3811  6.6814 12.3813  6.6794  1539.0  2.440  8.20
  7450  596 12.3819 15.8250 12.3819 15.8219  1575.0 48.860  9.51
220478  618 12.3847 13.7408 12.3854 13.7444  1888.0  1.600  8.02
  7451  613 12.3850  5.2522 12.3851  5.2503  1668.0  9.110  8.78
220479  620 12.3856 11.7244 12.3860 11.7258   734.0  1.720  8.05
220483  628 12.3856  7.6789 12.3878  7.6875  -324.0  0.270  7.25
  7456  630 12.3878 11.3625 12.3879 11.3661  1563.0  6.920  8.66
227958    0 12.3881  5.6053 12.3884  5.6072  1787.0  0.900  7.77
220493  641 12.3908  5.8161 12.3912  5.8164   917.0  0.580  7.58
  7465  656 12.3942  6.9528 12.3941  6.9542  1013.0  5.490  8.56
  7470  664 12.3956 12.4861 12.3957 12.4778  -430.0  4.690  8.49
  7469  667 12.3967  7.1889 12.3968  7.1861  1420.0  2.210  8.16
226326    0 12.3992  7.4492 12.3995  7.4506  1229.0  0.660  7.64
220502  688 12.3997  7.7861 12.4001  7.7853  1118.0  1.440  7.98
  7476  692 12.3997 12.2008 12.4004 12.2044  2316.0  5.570  8.56
220506  693 12.4008  5.1822 12.4009  5.1808  2051.0  2.770  8.26
225022    0 12.4011  8.2931 12.4014  8.2939  1370.0  1.130  7.87
  7474  697 12.4014  7.0456 12.4015  7.0406  1234.0  1.780  8.07
  7477  699 12.4019  6.6094 12.4021  6.6069   727.0  7.060  8.67
220510  710 12.4042  4.2233 12.4040  4.2258  1182.0  1.140  7.87
  7482  713 12.4044  8.5228 12.4041  8.5364  1092.0  0.920  7.78
220524  737 12.4108  3.9931 12.4110  3.9956  1725.0  6.730  8.65
220525  740 12.4114  8.4997 12.4110  8.5028   877.0  1.500  7.99
227889    0 12.4133  7.9064 12.4141  7.8989   797.0  0.310  7.31
227981    0 12.4142  4.0547  0.0000  0.0000  1771.0  0.370  7.39
220537    0 12.4175  5.3267 12.4182  5.3292  2020.0  1.000  7.82
220538  772 12.4189  4.4156 12.4191  4.4142  1232.0  0.840  7.74
  7497  785 12.4217  4.9286 12.4217  4.9253  2557.0 11.800  8.89
  7498  787 12.4217  5.7397 12.4217  5.7408  1138.0  6.160  8.61
220542  793 12.4225 13.0750 12.4226 13.0703  1906.0  0.590  7.59
  7503  792 12.4228 10.0172 12.4228 10.0164   963.0  2.610  8.23
224232    0 12.4256 11.1536 12.4254 11.1583   900.0  0.360  7.37
  7510  809 12.4261 12.2497 12.4259 12.2597  -141.0  3.150  8.32
  7513  827 12.4286  7.2167 12.4286  7.2161   993.0 27.420  9.26
220555  841 12.4297 14.9492 12.4298 14.9522   499.0  0.700  7.66
  7520  836 12.4300 12.6606 12.4297 12.6619  2515.0  7.570  8.70
  7519  849 12.4306 10.4586 12.4307 10.4586  1101.0  7.270  8.68
220558  848 12.4308  5.8103 12.4312  5.8100  1535.0  6.760  8.65
  7518  851 12.4314  7.5556 12.4317  7.5542  1202.0  4.670  8.49
  7526  865 12.4331 15.6703 12.4331 15.6708  -122.0 16.550  9.04
220561  867 12.4336  8.1717 12.4337  8.1936  1304.0  1.140  7.87
  7529  874 12.4342 16.1728 12.4353 16.1803  1722.0  0.770  7.70
  7528  873 12.4347 13.1125 12.4354 13.1133   230.0  7.730  8.71
  7532  881 12.4367 12.9411 12.4366 12.9461  -302.0  1.310  7.93
226080    0 12.4386 12.8917  0.0000  0.0000  2246.0  2.250  8.17
220572  888 12.4386  8.3500 12.4384  8.3500  1089.0  2.060  8.13
  7537  905 12.4425  8.8736 12.4417  8.8717  1278.0 16.110  9.02
  7538  912 12.4428 12.6142 12.4423 12.6103   103.0  3.160  8.32
  7536  921 12.4431  3.9650 12.4433  3.9653  2294.0  3.690  8.38
  7546  939 12.4453  8.8833 12.4464  8.8844  1272.0 21.030  9.14
  7541  938 12.4461  7.9167 12.4463  7.9186  1390.0  4.220  8.44
  7548  945 12.4464 13.1689 12.4475 13.1750   -16.0  4.860  8.50
  7547  950 12.4472 11.5561 12.4473 11.5583  1100.0 20.260  9.12
222857  956 12.4486 12.9578 12.4490 12.9614  2151.0  1.510  8.00
  7551  958 12.4489 15.0500 12.4491 15.0469  -275.0  1.440  7.98
220594  952 12.4494  9.8850 12.4488  9.8822   981.0  1.630  8.03
220597  963 12.4497 14.7775 12.4497 14.7822  1860.0  0.760  7.70
  7556  971 12.4522  5.8814 12.4525  5.8800  1120.0 14.990  8.99
  7563  980 12.4531 15.8983 12.4533 15.8972  2340.0  6.210  8.61
  7557  975 12.4531  7.2661 12.4531  7.2625   932.0 26.080  9.23
  7561  979 12.4536  9.3894 12.4533  9.4200   437.0  3.490  8.36
226357    0 12.4536  7.6383 12.4536  7.6392  1179.0  1.280  7.92
220602  985 12.4542  4.2575 12.4544  4.2633  1622.0  0.430  7.45
220603  989 12.4547  7.6678 12.4549  7.6706  1846.0  0.450  7.47
  7565  995 12.4561 10.8650 12.4562 10.8664   924.0 11.070  8.86
220606 1001 12.4569 13.7147 12.4569 13.7164   340.0  1.020  7.83
  7566 1002 12.4569  6.2667 12.4573  6.2631  1449.0  6.600  8.64
  7567 1011 12.4581  7.6417 12.4581  7.6433   870.0  3.300  8.34
220609 1013 12.4583  9.3344 12.4584  9.3411  1714.0  0.260  7.23
220616 1021 12.4586 10.0039 12.4593 10.0039   872.0  0.480  7.50
  7574 1043 12.4619 13.0178 12.4627 13.0089   104.0  8.010  8.72
  7579 1048 12.4656  5.7189 12.4654  5.7211  2247.0  2.060  8.13
  7587 1086 12.4706  9.4397 12.4711  9.4361   353.0  0.810  7.73
  7590 1091 12.4719  8.7311 12.4719  8.7292  1120.0 15.780  9.02
223691 1102 12.4742  6.9450 12.4742  6.9458   879.0  0.260  7.23
  7596 1114 12.4764  8.6261 12.4761  8.6394   565.0  0.520  7.53
  7600 1118 12.4781  9.2572 12.4779  9.2586   858.0  2.840  8.27
  7602 1126 12.4781 14.9967 12.4787 14.9992  1668.0  1.190  7.89
220645 1141 12.4819  9.4206 12.4819  9.4208  1088.0  1.070  7.85
222021 1142 12.4822  8.8078 12.4821  8.8167  1306.0  0.740  7.69
220661 1179 12.4900  9.9911 12.4896  9.9883   777.0  0.410  7.43
  7621 1189 12.4911  6.7750 12.4914  6.7700   525.0  4.690  8.49
  7626 1193 12.4917  7.6978 12.4918  7.6961   759.0  2.320  8.18
223724 1202 12.4917 13.1950 12.4927 13.1961  1215.0  2.430  8.20
  7622 1190 12.4917  8.7867 12.4911  8.7500   539.0  0.350  7.36
220667 1200 12.4928 10.7994 12.4931 10.7931   -33.0  2.410  8.20
  7627 1205 12.4936  7.8219 12.4938  7.8231  2339.0  7.300  8.68
226159    0 12.4950  9.6983  0.0000  0.0000   524.0  1.240  7.91
227874    0 12.4983  7.9700  0.0000  0.0000   473.0  1.210  7.90
227861    0 12.4994  8.4344 12.4998  8.4317   609.0  0.490  7.51
226160    0 12.5053  9.5883  0.0000  0.0000   603.0  2.840  8.27
226161    0 12.5069  9.4669  0.0000  0.0000   488.0  2.740  8.26
  7647 1290 12.5072  4.2447 12.5074  4.2461  2437.0 11.310  8.87
223771 1295 12.5089 10.2589 12.5090 10.2608  1101.0  0.390  7.41
227967    0 12.5122  5.8350 12.5124  5.8222  2346.0  0.820  7.73
224281    0 12.5122  5.8697 12.5117  5.8786  2332.0  0.570  7.57
220704 1313 12.5133 12.0472 12.5135 12.0450  1227.0  1.100  7.86
  7656 1330 12.5156  8.0750 12.5166  8.0775  1740.0  0.610  7.60
220725 1357 12.5219  9.4636 12.5235  9.4753   607.0  0.760  7.70
220724 1356 12.5231 11.4928 12.5230 11.4925  1252.0  3.460  8.36
226163    0 12.5239  9.3144  0.0000  0.0000   480.0  0.970  7.80
  7666 1374 12.5272 14.8617 12.5272 14.8594  2560.0  2.630  8.24
  7668 1375 12.5272  3.9408 12.5274  3.9394  1731.0 43.410  9.46
  7676 1393 12.5314 15.1233 12.5319 15.1233  2096.0  3.600  8.37
223819 1391 12.5317  5.1731 12.5316  5.1722  2308.0  0.380  7.40
  7675 1401 12.5331 14.4247 12.5331 14.4200  2282.0 29.100  9.28
220739 1411 12.5350 11.8208 12.5349 11.8178   909.0  1.480  7.99
227984    0 12.5356  5.8364  0.0000  0.0000  1838.0  0.590  7.59
220745 1427 12.5397 16.0211 12.5397 16.0186  -134.0  1.290  7.93
227901    0 12.5397  5.9103  0.0000  0.0000  1830.0  0.660  7.64
220751 1437 12.5422  9.1783 12.5426  9.1736  1155.0  1.570  8.01
227985    0 12.5433  6.0161  0.0000  0.0000  1799.0  0.900  7.77
  7695 1450 12.5442 14.0500 12.5450 14.0503  -170.0  4.000  8.42
220755 1455 12.5467  7.8000 12.5462  7.7992  1325.0  0.240  7.20
220762 1468 12.5494  4.5775 12.5493  4.5775  1228.0  3.160  8.32
227903    0 12.5522  5.8631  0.0000  0.0000  1917.0  0.920  7.78
220768 1486 12.5525 11.3450 12.5527 11.3469   128.0  0.510  7.53
227986    0 12.5542  5.0386  0.0000  0.0000  1825.0  0.760  7.70
  7709 1508 12.5578  8.6608 12.5584  8.6542  1216.0 46.920  9.49
220780 1507 12.5589  3.8139 12.5582  3.7939   916.0  1.170  7.89
227895    0 12.5594  6.0417 12.5592  6.0497  1872.0  1.050  7.84
227904    0 12.5600  6.4453  0.0000  0.0000  1804.0  2.190  8.16
  7711 1516 12.5606  9.1792 12.5609  9.1733  2329.0  7.170  8.67
  7713 1524 12.5631 15.1742 12.5634 15.1689   258.0 24.300  9.20
  7716 1532 12.5653 15.3508 12.5658 15.3544  2349.0  1.200  7.90
  7718 1535 12.5672  7.6944 12.5675  7.6992   560.0  0.200  7.12
223873 1533 12.5672  5.9636 12.5671  5.9528   648.0  0.430  7.45
  7727 1555 12.5719  8.1944 12.5723  8.1975  1963.0 71.660  9.67
  7726 1554 12.5722  6.4622 12.5721  6.4672  2013.0 41.560  9.44
  7733 1566 12.5756  9.1506 12.5752  9.1547   439.0  1.050  7.84
220799 1569 12.5761 13.4981 12.5755 13.5036   838.0  0.490  7.51
  7736 1575 12.5775  7.1625 12.5776  7.1586   593.0  1.390  7.96
  7739 1581 12.5783  6.3056 12.5792  6.3000  2041.0 11.970  8.90
226118    0 12.5792 12.7803  0.0000  0.0000   785.0  0.950  7.80
  7737 1585 12.5794 15.2200 12.5794 15.2203   664.0 12.050  8.90
  7742 1588 12.5803 15.5447 12.5808 15.5511  1288.0  4.640  8.48
220812 1596 12.5833  9.1783 12.5836  9.1861  1269.0  0.530  7.54
222310    0 12.5836  5.4211 12.5840  5.4247   865.0  0.690  7.66
225874    0 12.5850 12.5142 12.5856 12.5056  1692.0  1.820  8.08
220815 1605 12.5872 10.4311 12.5872 10.4317  1072.0  1.370  7.95
224516    0 12.5897  5.0422 12.5901  5.0481  1805.0  0.460  7.48
  7753 1615 12.5906 14.4919 12.5907 14.4958   479.0 10.180  8.83
220819 1617 12.5917  6.3347 12.5919  6.3339  1600.0  0.560  7.57
220828 1644 12.5978 13.8564 12.5978 13.8583   756.0  2.110  8.14
223913 1649 12.6006  7.2239 12.6008  7.2000   972.0  0.200  7.12
220832 1654 12.6031  9.9236 12.6029  9.9225  2053.0  2.420  8.20
  7777 1673 12.6092 11.2414 12.6091 11.2575  2247.0 23.740  9.19
220837 1675 12.6092  8.0531 12.6097  8.0547  1790.0  0.410  7.43
  7781 1678 12.6100  6.6250 12.6104  6.6203  1072.0 16.270  9.03
  7784 1686 12.6125 13.2500 12.6121 13.2592  1120.0  6.890  8.66
  7786 1690 12.6136 13.1708 12.6139 13.1625  -221.0 11.150  8.86
  7788 1696 12.6158 14.2164 12.6157 14.2169   340.0 10.630  8.84
  7790 1699 12.6175  6.9250 12.6175  6.9264  1632.0  8.760  8.76
222314 1713 12.6247  4.7506 12.6247  4.7503  1638.0  1.380  7.96
220849 1725 12.6281  8.5597 12.6281  8.5592  1076.0  2.390  8.20
  7796 1727 12.6283 11.8147 12.6288 11.8181  1517.0  9.670  8.80
  7795 1726 12.6294  7.1114 12.6292  7.1039    55.0  5.610  8.57
  7794 1730 12.6306  5.3697 12.6301  5.3681  1038.0  0.580  7.58
220856 1744 12.6350 10.1714 12.6352 10.1650  1141.0  0.470  7.49
220860 1750 12.6369  7.0072 12.6376  6.9944  -113.0  0.260  7.23
220863 1753 12.6378 14.8669 12.6377 14.8697   741.0  1.420  7.97
  7803 1757 12.6386 13.0989 12.6383 13.1100  1748.0  0.400  7.42
  7802 1758 12.6392  7.8897 12.6391  7.8908  1784.0  3.050  8.30
  7804 1760 12.6408  4.3211 12.6412  4.3186   790.0  1.560  8.01
224219    0 12.6442 11.9881 12.6447 11.9786  1019.0  0.530  7.54
225847    0 12.6489 13.5500 12.6491 13.5517   982.0  1.150  7.88
  7817 1778 12.6500 13.3731 12.6511 13.3636  2737.0  1.000  7.82
  7821    0 12.6533  6.0147 12.6534  6.0122  2425.0  3.540  8.37
220883 1789 12.6561  4.9397 12.6561  4.9367  1612.0  1.630  8.03
  7822 1791 12.6564  7.9619 12.6568  7.9644  2077.0  7.560  8.70
  7826 1811 12.6644 15.2969 12.6644 15.2975   630.0  7.100  8.67
220901 1816 12.6661 13.7814 12.6662 13.7814  1005.0  4.350  8.46
220903 1822 12.6692  6.8458 12.6696  6.8467  1008.0  0.550  7.56
  7839 1859 12.6825 11.9078 12.6827 11.9108  1640.0  0.790  7.72
  7843 1868 12.6867 11.8839 12.6868 11.8858  2270.0  3.250  8.33
224009 1873 12.6886  6.5264 12.6887  6.5231  1721.0  1.870  8.09
220939 1918 12.7050  5.7342 12.7051  5.7386   972.0  2.120  8.14
  7871 1923 12.7083  3.9631 12.7087  3.9597   740.0  7.530  8.69
  7874 1929 12.7103 14.3492 12.7103 14.3556   288.0 10.490  8.84
  7875 1932 12.7114 14.2961 12.7113 14.2969   119.0  7.590  8.70
220941 1931 12.7119 13.2731 12.7114 13.2661  1183.0  1.330  7.94
220944 1933 12.7122  7.3386 12.7125  7.3389  2407.0  1.820  8.08
  7884 1943 12.7144 13.2533 12.7146 13.2567   977.0 19.000  9.10
  7889 1955 12.7178 12.0497 12.7188 12.0511  2021.0  0.750  7.69
220956 1952 12.7186  7.6536 12.7188  7.6544  1311.0  2.460  8.21
224296    0 12.7231  5.7678 12.7230  5.7653  1752.0  0.690  7.66
  7896 1972 12.7253 11.5811 12.7257 11.5817  1409.0  7.860  8.71
  7902 1987 12.7325 13.1175 12.7324 13.1264  1038.0 50.590  9.52
  7906 1992 12.7358 12.1158 12.7360 12.1153  1008.0  5.820  8.58
220977 1993 12.7383 12.9400 12.7367 12.9419   925.0  0.730  7.68
227896    0 12.7389  6.0906 12.7391  6.0894  1289.0  1.140  7.87
  7920 2006 12.7458 12.3639 12.7460 12.3508   849.0  1.000  7.82
220987 2007 12.7467  8.1017 12.7465  8.1072  1875.0  0.470  7.49
225876    0 12.7497 12.0244 12.7494 12.0297  1540.0  0.650  7.63
  7932 2023 12.7586 13.3333 12.7588 13.3311   963.0 10.750  8.85
227970    0 12.7669  4.3792 12.7671  4.3811   642.0  1.790  8.07
221000 2033 12.7675  8.4639 12.7679  8.4761  1485.0  0.450  7.47
221001 2034 12.7689 10.1667 12.7689 10.1636  1504.0  1.130  7.87
221004 2037 12.7711 10.1953 12.7709 10.2056  1142.0  0.690  7.66
226178    0 12.7786 10.3469  0.0000  0.0000  1581.0  0.620  7.61
  7943    0 12.7792  5.9542 12.7793  5.9553   837.0 11.340  8.87
  7965 2058 12.7958 13.7606 12.7960 13.7625  1618.0  8.360  8.74
  7961    0 12.7964  4.3353 12.7963  4.3356   984.0 31.650  9.32
221026 2062 12.7992 10.9708 12.8000 10.9708  1141.0  5.660  8.57
222216    0 12.7997  4.4400 12.7999  4.4328  1038.0  0.810  7.73
  7969 2066 12.8025 10.9789 12.8042 10.9833  1160.0  5.730  8.58
224517    0 12.8061  5.1397 12.8064  5.1378  2518.0  1.010  7.82
  7970 2070 12.8064  8.4875 12.8064  8.4875  1009.0 30.060  9.30
  7976    0 12.8208  4.6575 12.8211  4.6558  2666.0  7.460  8.69
224304    0 12.8236  4.3872 12.8238  4.3925  2642.0  4.270  8.45
  7980    0 12.8278 15.1553 12.8274 15.1650  1100.0  0.840  7.74
225197    0 12.8294  5.4956 12.8284  5.4894   739.0  0.750  7.69
  7983    0 12.8297  3.8447 12.8297  3.8422   694.0  6.780  8.65
  7985    0 12.8325  5.3119 12.8328  5.3108   653.0 47.650  9.50
224226    0 12.8331  5.8250 12.8331  5.8208   624.0  0.810  7.73
227897    0 12.8344  6.8456 12.8345  6.8475   563.0  0.420  7.44
227972    0 12.8397  4.9139 12.8400  4.9061   650.0  0.400  7.42
227973    0 12.8447  5.3492 12.8444  5.3478   675.0  0.380  7.40
225857    0 12.8500  9.0811 12.8499  9.0775  1115.0  0.880  7.76
223205    0 12.8517 12.0603 12.8519 12.0600  1787.0  2.020  8.12
  8007    0 12.8653 12.0825 12.8653 12.0828  1779.0 17.600  9.06
226122    0 12.8706  4.4622 12.8709  4.4575   701.0  1.700  8.05
  8014    0 12.8792 15.8464 12.8789 15.8483  1240.0 13.070  8.93
221085    0 12.8831 14.3981 12.8830 14.3992  1040.0  3.080  8.31
223247    0 12.8869 12.6308 12.8866 12.6344  1819.0  2.240  8.17
  8018    0 12.8872  4.4650 12.8874  4.4628   722.0 19.680  9.11
224229    0 12.8939  4.0733 12.8945  4.0756   899.0  0.470  7.49
224230    0 12.8953  4.1497 12.8954  4.1539   768.0  0.670  7.64
  8022    0 12.8972  9.7061 12.8974  9.7097  2831.0  8.810  8.76
225850    0 12.9003  9.4478 12.9006  9.4469  1815.0  2.540  8.22
734948    0 12.9042  8.3542 12.9038  8.3583  2901.0  0.720  7.67
  8032    0 12.9119 13.2406 12.9123 13.2372  1121.0  0.740  7.69
221597    0 12.9122  8.0514 12.9122  8.0525  2533.0  0.870  7.76
224902    0 12.9133 15.5894 12.9129 15.5917  2651.0  0.770  7.70
227927    0 12.9178  8.1036  0.0000  0.0000  2629.0  0.760  7.70
  8042    0 12.9194  7.9219 12.9195  7.9175  2661.0  1.560  8.01
227905    0 12.9194  8.0456  0.0000  0.0000  2754.0  3.240  8.33
227906    0 12.9203  8.0475  0.0000  0.0000  2771.0  2.790  8.26
  8045    0 12.9231  7.9125 12.9232  7.9094  2798.0  1.960  8.11
225849    0 12.9264 10.7372 12.9264 10.7389  1842.0  2.330  8.18
  8054    0 12.9300  4.3042 12.9303  4.3042   758.0 69.650  9.66
  8053    0 12.9303  4.0114 12.9303  4.0139   708.0 15.070  9.00
225878    0 12.9342 12.1206 12.9342 12.1331  1873.0  0.390  7.41
  8055    0 12.9344  3.8200 12.9346  3.8128   616.0  9.330  8.79
227974    0 12.9344  4.8647 12.9343  4.8669  1371.0  0.740  7.69
  8056    0 12.9389 10.1831 12.9389 10.1883  2697.0 10.020  8.82
  8061    0 12.9456 11.9344 12.9456 11.9319   563.0  2.390  8.20
222259    0 12.9486  8.1578 12.9482  8.1617  2596.0  1.420  7.97
222260    0 12.9486  4.0603 12.9492  4.0647   828.0  3.430  8.35
229050    0 12.9525  8.1478 12.9519  8.1453  2630.0  0.380  7.40
227975    0 12.9553  4.9897 12.9550  4.9914   883.0  0.520  7.53
735001    0 12.9597  9.3242 12.9601  9.3128  1954.0  0.650  7.63
225853    0 12.9597  9.9950 12.9599  9.9919  2745.0  0.740  7.69
  8085    0 12.9711 14.5608 12.9715 14.5564  2041.0 19.290  9.10
  8091    0 12.9778 14.2147 12.9779 14.2172   213.0 10.450  8.84
221245    0 12.9811 13.1394 12.9813 13.1528  1910.0  5.670  8.57
226110    0 12.9861 14.4211 12.9851 14.4297  2671.0  0.680  7.65
  8102    0 12.9906 14.1700 12.9908 14.1706  1984.0 23.520  9.19
225851    0 12.9947 11.0756 12.9952 11.0772  2792.0  0.990  7.81
225852    0 12.9947 10.7311 12.9950 10.7278  1155.0  0.730  7.68
